2018210176
2018210304
2018210189
2018210349
2018210285
2018210263
2018210353
2018210276
2018210315
2018210306
2018210337
2018210211
2018210337
2018210334
2018210336
2018210264
2018210265
2018210279
2018210190
2018210343
2018210182
2018210277
2018210188
2018210285
2018210183
2018210287
2018210184
2018210211
2018210182
2018210343
2018210211
2018210265
2018210288
2018210189
2018210187
2018210347
2018210336
2018210338
2018210310
2018210190
2018210279
2018210288
2018210321
2018210312
2018210190
2018210193
2018210308
2018210311
2018210331
2018210289
2018210213
2018210306
2018210312
2018210188
2018210190
2018210264
2018210300
2018210271
2018210330
2018210191
2018210314
2018210268
2018210332
2018210342
2018210201
2018210316
2018210295
2018210298
2018210180
2018210185
2018210320
2018210269
2018210326
2018210309
2018210280
2018210355
2018210319
2018210307
2018210267
2018210186
2018210196
